20	5660
20.01	5260
20.02	5340
20.03	5150
20.04	5210
20.05	5290
20.06	5290
20.07	5390
20.08	4680
20.09	4940
20.1	5340
20.11	5010
20.12	5070
20.13	5100
20.14	5340
20.15	5280
20.16	5210
20.17	4940
20.18	5130
20.19	5090
20.2	4910
20.21	5260
20.22	5090
20.23	5320
20.24	4950
20.25	4940
20.26	5070
20.27	5130
20.28	5240
20.29	5310
20.3	4680
20.31	4900
20.32	5070
20.33	5010
20.34	5150
20.35	5150
20.36	5310
20.37	5120
20.38	5030
20.39	5200
20.4	5430
20.41	5080
20.42	5020
20.43	4920
20.44	4940
20.45	5160
20.46	5240
20.47	4930
20.48	5100
20.49	5270
20.5	5150
20.51	4940
20.52	5110
20.53	5190
20.54	5230
20.55	5310
20.56	5110
20.57	5150
20.58	5050
20.59	5350
20.6	4950
20.61	4940
20.62	5090
20.63	4910
20.64	5010
20.65	4840
20.66	4580
20.67	5270
20.68	5510
20.69	4590
20.7	4880
20.71	5250
20.72	4870
20.73	5310
20.74	4770
20.75	5030
20.76	4870
20.77	5140
20.78	5200
20.79	4970
20.8	5190
20.81	5010
20.82	4940
20.83	5030
20.84	4560
20.85	5010
20.86	4520
20.87	4570
20.88	5280
20.89	4790
20.9	5040
20.91	4940
20.92	4780
20.93	4900
20.94	5120
20.95	4830
20.96	4600
20.97	4890
20.98	4880
20.99	5010
21	4910
21.01	4860
21.02	4800
21.03	4670
21.04	4670
21.05	5260
21.06	4600
21.07	4730
21.08	5120
21.09	5120
21.1	5390
21.11	5150
21.12	4830
21.13	4750
21.14	4850
21.15	4850
21.16	4860
21.17	4350
21.18	4540
21.19	4620
21.2	4790
21.21	4420
21.22	4690
21.23	5160
21.24	4730
21.25	4730
21.26	4990
21.27	4970
21.28	5130
21.29	4720
21.3	4710
21.31	4860
21.32	4920
21.33	4750
21.34	4970
21.35	4480
21.36	5000
21.37	4650
21.38	5000
21.39	4860
21.4	4850
21.41	5530
21.42	4950
21.43	4630
21.44	4920
21.45	4880
21.46	4770
21.47	4760
21.48	4910
21.49	4700
21.5	4670
21.51	4640
21.52	5090
21.53	4390
21.54	4940
21.55	4980
21.56	4850
21.57	4640
21.58	4860
21.59	4940
21.6	5020
21.61	4460
21.62	4040
21.63	4460
21.64	4550
21.65	4890
21.66	4730
21.67	4870
21.68	4760
21.69	4830
21.7	4680
21.71	4570
21.72	4390
21.73	4830
21.74	4960
21.75	4840
21.76	4670
21.77	4430
21.78	4490
21.79	4550
21.8	4840
21.81	4540
21.82	4820
21.83	4850
21.84	4350
21.85	4300
21.86	4340
21.87	4450
21.88	4910
21.89	4770
21.9	5050
21.91	4770
21.92	4750
21.93	4560
21.94	4580
21.95	4360
21.96	4720
21.97	4630
21.98	4880
21.99	4380
22	4270
22.01	4600
22.02	4720
22.03	4500
22.04	4690
22.05	4830
22.06	4610
22.07	4240
22.08	4400
22.09	4550
22.1	4820
22.11	4610
22.12	4670
22.13	4670
22.14	4490
22.15	4640
22.16	4340
22.17	4820
22.18	4180
22.19	4840
22.2	4670
22.21	4470
22.22	4550
22.23	4900
22.24	4500
22.25	4210
22.26	4730
22.27	4420
22.28	4550
22.29	4510
22.3	4440
22.31	4890
22.32	4140
22.33	4300
22.34	4380
22.35	4620
22.36	4390
22.37	4410
22.38	4370
22.39	4480
22.4	4430
22.41	4610
22.42	4470
22.43	4450
22.44	4480
22.45	4660
22.46	4760
22.47	4630
22.48	4640
22.49	4530
22.5	4490
22.51	4670
22.52	4220
22.53	4560
22.54	4630
22.55	4350
22.56	4300
22.57	4340
22.58	4490
22.59	4850
22.6	4730
22.61	4440
22.62	4550
22.63	4280
22.64	4440
22.65	4430
22.66	4480
22.67	4240
22.68	4320
22.69	4260
22.7	4490
22.71	4500
22.72	4150
22.73	4280
22.74	4160
22.75	4140
22.76	4500
22.77	4210
22.78	4540
22.79	4710
22.8	4660
22.81	4380
22.82	4660
22.83	4460
22.84	4490
22.85	4800
22.86	4030
22.87	4160
22.88	4380
22.89	4390
22.9	4560
22.91	4230
22.92	4200
22.93	4160
22.94	4600
22.95	4060
22.96	3970
22.97	4450
22.98	4410
22.99	4440
23	4790
23.01	4360
23.02	4100
23.03	4340
23.04	4530
23.05	4630
23.06	4040
23.07	4280
23.08	4470
23.09	4410
23.1	4180
23.11	4220
23.12	3960
23.13	4220
23.14	4590
23.15	4430
23.16	4120
23.17	4280
23.18	4100
23.19	4580
23.2	4280
23.21	4400
23.22	4410
23.23	4650
23.24	4300
23.25	4500
23.26	4570
23.27	4040
23.28	4380
23.29	4770
23.3	4160
23.31	4260
23.32	4600
23.33	4530
23.34	4410
23.35	4500
23.36	4400
23.37	4230
23.38	4700
23.39	4990
23.4	4510
23.41	4530
23.42	4520
23.43	4850
23.44	4580
23.45	4630
23.46	4680
23.47	4170
23.48	4270
23.49	4490
23.5	4470
23.51	4610
23.52	4180
23.53	4520
23.54	4610
23.55	4380
23.56	4750
23.57	4650
23.58	4350
23.59	4550
23.6	4860
23.61	4780
23.62	4680
23.63	4120
23.64	4700
23.65	4380
23.66	4590
23.67	4670
23.68	4430
23.69	4390
23.7	4570
23.71	4490
23.72	4210
23.73	4650
23.74	4590
23.75	4590
23.76	4590
23.77	4820
23.78	4280
23.79	4910
23.8	4790
23.81	4700
23.82	4280
23.83	4640
23.84	4550
23.85	4860
23.86	5060
23.87	4560
23.88	4750
23.89	4290
23.9	4620
23.91	4440
23.92	4440
23.93	4410
23.94	4770
23.95	4980
23.96	4500
23.97	4450
23.98	4370
23.99	4460
24	4560
24.01	4770
24.02	4900
24.03	4430
24.04	4830
24.05	4420
24.06	4640
24.07	4710
24.08	4920
24.09	5040
24.1	4670
24.11	4950
24.12	4340
24.13	4720
24.14	4670
24.15	4470
24.16	4850
24.17	4230
24.18	4700
24.19	4760
24.2	4530
24.21	4430
24.22	4610
24.23	4770
24.24	4890
24.25	5050
24.26	4840
24.27	5360
24.28	5490
24.29	5230
24.3	4880
24.31	4900
24.32	5070
24.33	4860
24.34	5210
24.35	5220
24.36	5180
24.37	4970
24.38	5100
24.39	5350
24.4	5050
24.41	5190
24.42	5290
24.43	5620
24.44	5470
24.45	5380
24.46	5320
24.47	5920
24.48	5590
24.49	5830
24.5	5160
24.51	5270
24.52	5550
24.53	5780
24.54	5790
24.55	5490
24.56	5690
24.57	5730
24.58	6130
24.59	5840
24.6	5820
24.61	5670
24.62	5710
24.63	5970
24.64	5920
24.65	6050
24.66	5980
24.67	5830
24.68	6240
24.69	6670
24.7	7050
24.71	6170
24.72	6350
24.73	6620
24.74	7030
24.75	7020
24.76	7180
24.77	7340
24.78	8200
24.79	7900
24.8	8210
24.81	8060
24.82	8570
24.83	8660
24.84	9680
24.85	9520
24.86	9730
24.87	10190
24.88	10450
24.89	11230
24.9	11780
24.91	11760
24.92	11900
24.93	11870
24.94	12810
24.95	13670
24.96	14100
24.97	14370
24.98	15130
24.99	16210
25	16450
25.01	17230
25.02	17890
25.03	19110
25.04	19500
25.05	20230
25.06	20400
25.07	21670
25.08	21960
25.09	22800
25.1	22710
25.11	24220
25.12	24950
25.13	25620
25.14	25440
25.15	26470
25.16	26620
25.17	27160
25.18	27270
25.19	28060
25.2	29170
25.21	29520
25.22	29800
25.23	28790
25.24	29320
25.25	28840
25.26	30140
25.27	29310
25.28	29580
25.29	30470
25.3	29250
25.31	29380
25.32	28210
25.33	28310
25.34	28000
25.35	27680
25.36	26750
25.37	26150
25.38	26070
25.39	25630
25.4	25340
25.41	24560
25.42	23080
25.43	22130
25.44	22870
25.45	21290
25.46	21000
25.47	21490
25.48	19940
25.49	19250
25.5	19430
25.51	18530
25.52	17400
25.53	16970
25.54	16950
25.55	16700
25.56	15920
25.57	15830
25.58	14990
25.59	14510
25.6	14040
25.61	13720
25.62	13810
25.63	12690
25.64	12460
25.65	12140
25.66	11710
25.67	11570
25.68	10710
25.69	10660
25.7	10620
25.71	10070
25.72	9980
25.73	9980
25.74	9480
25.75	9040
25.76	8840
25.77	7960
25.78	7670
25.79	7940
25.8	7430
25.81	7470
25.82	6690
25.83	6830
25.84	6980
25.85	6480
25.86	6680
25.87	6440
25.88	6310
25.89	5910
25.9	5670
25.91	5880
25.92	6120
25.93	5340
25.94	5060
25.95	5690
25.96	5580
25.97	5020
25.98	5580
25.99	5140
26	5000
26.01	5040
26.02	5060
26.03	4900
26.04	4860
26.05	4640
26.06	4860
26.07	4700
26.08	4730
26.09	4550
26.1	4850
26.11	4870
26.12	4620
26.13	4630
26.14	4570
26.15	4910
26.16	4820
26.17	4720
26.18	4640
26.19	3950
26.2	4420
26.21	4880
26.22	4880
26.23	4410
26.24	4350
26.25	4520
26.26	4580
26.27	3980
26.28	4340
26.29	4510
26.3	4130
26.31	4260
26.32	4160
26.33	3980
26.34	4280
26.35	4540
26.36	4550
26.37	4580
26.38	4130
26.39	4070
26.4	3950
26.41	4250
26.42	4010
26.43	3890
26.44	4540
26.45	4340
26.46	4100
26.47	4160
26.48	4150
26.49	4270
26.5	4480
26.51	3950
26.52	4040
26.53	4480
26.54	3780
26.55	4290
26.56	4470
26.57	3900
26.58	4160
26.59	4180
26.6	3780
26.61	3970
26.62	3830
26.63	3770
26.64	4180
26.65	4050
26.66	3800
26.67	3890
26.68	4030
26.69	3540
26.7	3600
26.71	3830
26.72	3810
26.73	3890
26.74	3500
26.75	3890
26.76	3590
26.77	3840
26.78	3640
26.79	3790
26.8	3440
26.81	3520
26.82	3640
26.83	3510
26.84	3380
26.85	3690
26.86	3700
26.87	3540
26.88	4040
26.89	3640
26.9	3490
26.91	3580
26.92	3680
26.93	3750
26.94	3790
26.95	3940
26.96	3720
26.97	3690
26.98	3470
26.99	3360
27	3470
27.01	3580
27.02	3330
27.03	3330
27.04	3310
27.05	3540
27.06	3540
27.07	3800
27.08	3660
27.09	3480
27.1	3490
27.11	3480
27.12	3440
27.13	3400
27.14	3570
27.15	3360
27.16	3280
27.17	3190
27.18	3490
27.19	3540
27.2	3170
27.21	3300
27.22	3750
27.23	3670
27.24	3170
27.25	3390
27.26	3700
27.27	3320
27.28	3280
27.29	3370
27.3	3300
27.31	3470
27.32	3440
27.33	3180
27.34	3690
27.35	3440
27.36	3480
27.37	3560
27.38	3170
27.39	3330
27.4	2860
27.41	3250
27.42	3460
27.43	3190
27.44	3310
27.45	3400
27.46	3310
27.47	3580
27.48	3490
27.49	3270
27.5	3570
27.51	3470
27.52	3190
27.53	3270
27.54	3170
27.55	3080
27.56	3550
27.57	3640
27.58	3320
27.59	2950
27.6	3520
27.61	3370
27.62	3010
27.63	3300
27.64	2990
27.65	3240
27.66	3290
27.67	3390
27.68	2870
27.69	3250
27.7	3250
27.71	3240
27.72	3350
27.73	3300
27.74	3290
27.75	3530
27.76	3130
27.77	3160
27.78	3400
27.79	3070
27.8	3230
27.81	3200
27.82	3160
27.83	3290
27.84	3270
27.85	3130
27.86	3130
27.87	3100
27.88	3030
27.89	3100
27.9	3010
27.91	2970
27.92	3220
27.93	3120
27.94	3270
27.95	3070
27.96	3130
27.97	3120
27.98	3150
27.99	2950
28	3120
28.01	2940
28.02	2910
28.03	3200
28.04	3040
28.05	3150
28.06	3030
28.07	3220
28.08	3350
28.09	3240
28.1	3090
28.11	3060
28.12	2820
28.13	2940
28.14	3060
28.15	2890
28.16	2960
28.17	2620
28.18	2840
28.19	2730
28.2	3300
28.21	3070
28.22	2790
28.23	2970
28.24	3130
28.25	3130
28.26	3110
28.27	3090
28.28	2910
28.29	3140
28.3	2740
28.31	2940
28.32	2670
28.33	2660
28.34	3320
28.35	2860
28.36	3210
28.37	2970
28.38	3080
28.39	2700
28.4	2830
28.41	2870
28.42	3040
28.43	3150
28.44	2840
28.45	3080
28.46	3010
28.47	2820
28.48	2760
28.49	2940
28.5	2880
28.51	3050
28.52	2800
28.53	3070
28.54	3150
28.55	2890
28.56	2910
28.57	3060
28.58	3110
28.59	2960
28.6	3200
28.61	2880
28.62	2940
28.63	3100
28.64	2950
28.65	3080
28.66	3130
28.67	3050
28.68	2920
28.69	2560
28.7	2790
28.71	2750
28.72	2790
28.73	2900
28.74	2840
28.75	3040
28.76	3070
28.77	2850
28.78	2930
28.79	2670
28.8	2470
28.81	2880
28.82	2560
28.83	2790
28.84	3250
28.85	2850
28.86	2800
28.87	2810
28.88	2670
28.89	3000
28.9	2950
28.91	2700
28.92	2780
28.93	2710
28.94	2660
28.95	2520
28.96	2800
28.97	2490
28.98	2880
28.99	2730
29	2940
29.01	2860
29.02	3000
29.03	2870
29.04	2840
29.05	3070
29.06	2720
29.07	3110
29.08	2760
29.09	2570
29.1	2600
29.11	2730
29.12	2730
29.13	2660
29.14	2770
29.15	3030
29.16	2650
29.17	2590
29.18	2610
29.19	2820
29.2	2840
29.21	3040
29.22	2930
29.23	2920
29.24	2820
29.25	2790
29.26	2950
29.27	2860
29.28	2460
29.29	2380
29.3	2950
29.31	2660
29.32	2770
29.33	2540
29.34	2610
29.35	2560
29.36	2450
29.37	2740
29.38	2630
29.39	2600
29.4	2680
29.41	2790
29.42	2680
29.43	3080
29.44	2960
29.45	2830
29.46	2600
29.47	2750
29.48	2930
29.49	2860
29.5	2680
29.51	2650
29.52	2550
29.53	2520
29.54	2700
29.55	2920
29.56	2690
29.57	2870
29.58	2900
29.59	2710
29.6	2900
29.61	2870
29.62	2810
29.63	2900
29.64	2680
29.65	2480
29.66	2390
29.67	2730
29.68	2800
29.69	2670
29.7	2550
29.71	2280
29.72	2570
29.73	2680
29.74	2370
29.75	2340
29.76	2630
29.77	2840
29.78	2610
29.79	2740
29.8	2760
29.81	2620
29.82	2510
29.83	2320
29.84	2740
29.85	2570
29.86	2640
29.87	2630
29.88	2620
29.89	2440
29.9	2550
29.91	2690
29.92	2520
29.93	2420
29.94	2490
29.95	2830
29.96	2640
29.97	2320
29.98	2540
29.99	2490
30	2670
30.01	2600
30.02	2660
30.03	2820
30.04	2400
30.05	2890
30.06	2750
30.07	2500
30.08	2260
30.09	2610
30.1	2600
30.11	2450
30.12	2570
30.13	2610
30.14	2470
30.15	2490
30.16	2390
30.17	2520
30.18	2420
30.19	2620
30.2	2280
30.21	2400
30.22	2390
30.23	2600
30.24	2260
30.25	2510
30.26	2360
30.27	2310
30.28	2200
30.29	2520
30.3	2450
30.31	2400
30.32	2560
30.33	2620
30.34	2370
30.35	2420
30.36	2600
30.37	2560
30.38	2430
30.39	2620
30.4	2620
30.41	2320
30.42	2500
30.43	2510
30.44	2660
30.45	2420
30.46	2670
30.47	2390
30.48	2250
30.49	2260
30.5	2320
30.51	2080
30.52	2310
30.53	2560
30.54	2400
30.55	2410
30.56	2300
30.57	2560
30.58	2220
30.59	2330
30.6	2270
30.61	2380
30.62	2320
30.63	2660
30.64	2230
30.65	2360
30.66	2250
30.67	2640
30.68	2400
30.69	2250
30.7	2540
30.71	2440
30.72	2470
30.73	2330
30.74	2340
30.75	2260
30.76	2420
30.77	2330
30.78	2360
30.79	2410
30.8	2360
30.81	2600
30.82	2490
30.83	2640
30.84	2480
30.85	2170
30.86	2420
30.87	2550
30.88	2630
30.89	2520
30.9	2490
30.91	2190
30.92	2490
30.93	2280
30.94	2250
30.95	2690
30.96	2160
30.97	2410
30.98	2340
30.99	2350
31	2300
31.01	2300
31.02	2330
31.03	2410
31.04	2280
31.05	2290
31.06	2200
31.07	2210
31.08	2290
31.09	2470
31.1	2340
31.11	2410
31.12	2440
31.13	2210
31.14	2220
31.15	2510
31.16	2350
31.17	1990
31.18	2260
31.19	2240
31.2	2470
31.21	2370
31.22	2300
31.23	2430
31.24	2290
31.25	2370
31.26	2250
31.27	2480
31.28	2480
31.29	2280
31.3	2350
31.31	2500
31.32	2300
31.33	2260
31.34	2070
31.35	2050
31.36	2180
31.37	2720
31.38	2470
31.39	2280
31.4	2380
31.41	2260
31.42	2190
31.43	2040
31.44	1970
31.45	2040
31.46	2050
31.47	2410
31.48	1930
31.49	2370
31.5	2120
31.51	2410
31.52	2350
31.53	1970
31.54	2220
31.55	2390
31.56	2340
31.57	2240
31.58	2280
31.59	2450
31.6	2340
31.61	2020
31.62	2250
31.63	2530
31.64	2470
31.65	2200
31.66	2040
31.67	2160
31.68	2170
31.69	2060
31.7	2180
31.71	2390
31.72	2370
31.73	2190
31.74	2140
31.75	2160
31.76	2010
31.77	2210
31.78	2250
31.79	2250
31.8	1960
31.81	1870
31.82	2170
31.83	2330
31.84	2310
31.85	2400
31.86	2270
31.87	2140
31.88	2280
31.89	1970
31.9	2190
31.91	2160
31.92	2220
31.93	1960
31.94	2120
31.95	2430
31.96	2210
31.97	2200
31.98	2520
31.99	2170
32	2190
32.01	2320
32.02	2030
32.03	2010
32.04	2220
32.05	2100
32.06	2290
32.07	2070
32.08	2080
32.09	2010
32.1	1970
32.11	2040
32.12	2060
32.13	2140
32.14	2260
32.15	2190
32.16	2110
32.17	1990
32.18	2050
32.19	2200
32.2	2110
32.21	2070
32.22	2140
32.23	2000
32.24	2230
32.25	2370
32.26	1800
32.27	2090
32.28	2260
32.29	2270
32.3	2070
32.31	2240
32.32	2050
32.33	2040
32.34	2230
32.35	1980
32.36	2030
32.37	2050
32.38	2050
32.39	2300
32.4	2140
32.41	2440
32.42	2130
32.43	2040
32.44	2320
32.45	2090
32.46	2080
32.47	2060
32.48	2050
32.49	1870
32.5	2030
32.51	1810
32.52	2040
32.53	2100
32.54	2100
32.55	2310
32.56	2000
32.57	2160
32.58	2250
32.59	2030
32.6	2080
32.61	2110
32.62	1950
32.63	2290
32.64	2210
32.65	2310
32.66	2060
32.67	2000
32.68	2160
32.69	2300
32.7	2060
32.71	2100
32.72	2000
32.73	2060
32.74	2120
32.75	2060
32.76	2090
32.77	1960
32.78	1880
32.79	1930
32.8	2030
32.81	2080
32.82	1960
32.83	1850
32.84	2000
32.85	1750
32.86	2010
32.87	2040
32.88	1980
32.89	2010
32.9	1890
32.91	2010
32.92	2140
32.93	1940
32.94	2200
32.95	1760
32.96	1970
32.97	2060
32.98	1980
32.99	2120
33	2120
33.01	2240
33.02	2040
33.03	1910
33.04	1910
33.05	2060
33.06	2120
33.07	2140
33.08	2020
33.09	2050
33.1	1960
33.11	1850
33.12	2140
33.13	1960
33.14	2200
33.15	2210
33.16	2070
33.17	1910
33.18	2030
33.19	2320
33.2	1890
33.21	1940
33.22	2010
33.23	2070
33.24	1970
33.25	1930
33.26	1960
33.27	2130
33.28	1970
33.29	1890
33.3	1980
33.31	1760
33.32	2010
33.33	1800
33.34	1960
33.35	1850
33.36	1990
33.37	2030
33.38	2220
33.39	1960
33.4	2120
33.41	2030
33.42	2160
33.43	2250
33.44	1930
33.45	2060
33.46	2070
33.47	1980
33.48	1860
33.49	1850
33.5	1980
33.51	2220
33.52	2200
33.53	2070
33.54	1950
33.55	2230
33.56	1910
33.57	1890
33.58	1900
33.59	1870
33.6	2010
33.61	2220
33.62	2310
33.63	1910
33.64	1890
33.65	1880
33.66	2110
33.67	2010
33.68	1770
33.69	2140
33.7	2140
33.71	1980
33.72	1870
33.73	1890
33.74	2050
33.75	1920
33.76	1920
33.77	1870
33.78	1990
33.79	2080
33.8	2010
33.81	2000
33.82	2030
33.83	1860
33.84	2030
33.85	1930
33.86	1970
33.87	2420
33.88	1910
33.89	1870
33.9	2040
33.91	1930
33.92	1890
33.93	2050
33.94	1900
33.95	1980
33.96	2020
33.97	2050
33.98	1960
33.99	1940
34	1950
34.01	1950
34.02	1890
34.03	2020
34.04	1600
34.05	1890
34.06	1930
34.07	1950
34.08	2010
34.09	1750
34.1	1740
34.11	1900
34.12	1990
34.13	1970
34.14	1810
34.15	1860
34.16	2030
34.17	1680
34.18	1870
34.19	2050
34.2	1890
34.21	2200
34.22	1880
34.23	2080
34.24	1710
34.25	1680
34.26	1920
34.27	1930
34.28	1770
34.29	1850
34.3	1760
34.31	1840
34.32	1950
34.33	1760
34.34	1760
34.35	1640
34.36	1890
34.37	2190
34.38	2050
34.39	2060
34.4	2110
34.41	1910
34.42	1910
34.43	1900
34.44	1960
34.45	1970
34.46	1690
34.47	1970
34.48	1950
34.49	1860
34.5	1570
34.51	1790
34.52	1980
34.53	1860
34.54	1790
34.55	1930
34.56	2040
34.57	1870
34.58	1760
34.59	2090
34.6	1670
34.61	1910
34.62	1920
34.63	2030
34.64	1750
34.65	1880
34.66	1760
34.67	1800
34.68	1770
34.69	1860
34.7	2110
34.71	1910
34.72	1810
34.73	1910
34.74	2030
34.75	2030
34.76	2110
34.77	2010
34.78	1960
34.79	1600
34.8	1880
34.81	1940
34.82	1850
34.83	1700
34.84	1780
34.85	1850
34.86	2040
34.87	2050
34.88	1990
34.89	1710
34.9	1910
34.91	2070
34.92	1880
34.93	1990
34.94	2260
34.95	1810
34.96	1580
34.97	1840
34.98	1890
34.99	1810
35	1810
35.01	1930
35.02	1790
35.03	1790
35.04	1840
35.05	1910
35.06	1700
35.07	1930
35.08	1620
35.09	1830
35.1	1930
35.11	1580
35.12	1800
35.13	2090
35.14	1920
35.15	1840
35.16	1900
35.17	2050
35.18	1960
35.19	1840
35.2	1890
35.21	1770
35.22	1620
35.23	1710
35.24	1830
35.25	1930
35.26	1900
35.27	1820
35.28	1740
35.29	1640
35.3	1940
35.31	1800
35.32	1780
35.33	1760
35.34	1780
35.35	1840
35.36	1870
35.37	1700
35.38	1760
35.39	1930
35.4	1800
35.41	1670
35.42	1660
35.43	1690
35.44	1860
35.45	1660
35.46	1900
35.47	1880
35.48	1790
35.49	1850
35.5	1710
35.51	1820
35.52	1970
35.53	1760
35.54	1950
35.55	1870
35.56	1700
35.57	1880
35.58	1660
35.59	1590
35.6	1870
35.61	2040
35.62	1650
35.63	1700
35.64	1710
35.65	1670
35.66	1730
35.67	1710
35.68	1710
35.69	1810
35.7	1620
35.71	1770
35.72	1970
35.73	1910
35.74	1650
35.75	1910
35.76	2030
35.77	1980
35.78	1970
35.79	1900
35.8	1730
35.81	1920
35.82	1740
35.83	1890
35.84	2030
35.85	1860
35.86	1600
35.87	1840
35.88	1830
35.89	2130
35.9	1830
35.91	2080
35.92	2060
35.93	1930
35.94	1790
35.95	1840
35.96	2030
35.97	2080
35.98	1680
35.99	1950
36	1820
36.01	1920
36.02	1890
36.03	1940
36.04	1990
36.05	1920
36.06	1930
36.07	1910
36.08	1840
36.09	1760
36.1	1870
36.11	2040
36.12	1980
36.13	1760
36.14	1800
36.15	1810
36.16	1930
36.17	1990
36.18	2050
36.19	1770
36.2	2100
36.21	2240
36.22	2210
36.23	2110
36.24	1930
36.25	2310
36.26	2240
36.27	1950
36.28	2140
36.29	2230
36.3	1980
36.31	2200
36.32	2350
36.33	2070
36.34	2200
36.35	2350
36.36	2220
36.37	2040
36.38	1880
36.39	2170
36.4	2270
36.41	2190
36.42	2070
36.43	2370
36.44	2630
36.45	2400
36.46	2270
36.47	2310
36.48	2380
36.49	1970
36.5	2520
36.51	2190
36.52	2500
36.53	2160
36.54	2380
36.55	2320
36.56	2230
36.57	2650
36.58	2490
36.59	2240
36.6	2220
36.61	2270
36.62	2210
36.63	2410
36.64	2300
36.65	2570
36.66	2740
36.67	2620
36.68	2590
36.69	2720
36.7	2660
36.71	2510
36.72	2640
36.73	2810
36.74	2880
36.75	2540
36.76	2680
36.77	2770
36.78	2630
36.79	2730
36.8	2680
36.81	2550
36.82	2730
36.83	2780
36.84	2960
36.85	2830
36.86	2910
36.87	2920
36.88	3030
36.89	3150
36.9	3150
36.91	3090
36.92	3330
36.93	2960
36.94	3180
36.95	2990
36.96	3060
36.97	2980
36.98	3280
36.99	3040
37	3050
37.01	3220
37.02	3240
37.03	3090
37.04	3140
37.05	3000
37.06	3510
37.07	3490
37.08	3870
37.09	3430
37.1	3490
37.11	3280
37.12	3610
37.13	3530
37.14	3390
37.15	3200
37.16	3330
37.17	3410
37.18	3420
37.19	3540
37.2	3460
37.21	3400
37.22	3750
37.23	3620
37.24	3900
37.25	3790
37.26	3580
37.27	3790
37.28	3540
37.29	3820
37.3	3640
37.31	3900
37.32	3780
37.33	3860
37.34	3850
37.35	3650
37.36	4000
37.37	3820
37.38	3960
37.39	3940
37.4	3920
37.41	4020
37.42	3800
37.43	3980
37.44	3960
37.45	3870
37.46	4120
37.47	4530
37.48	4320
37.49	4120
37.5	4300
37.51	4550
37.52	4100
37.53	4130
37.54	4170
37.55	4230
37.56	4260
37.57	4580
37.58	4290
37.59	4630
37.6	4600
37.61	4540
37.62	4630
37.63	4620
37.64	4400
37.65	4480
37.66	4650
37.67	4390
37.68	4660
37.69	4470
37.7	4710
37.71	4920
37.72	4670
37.73	4830
37.74	4690
37.75	4630
37.76	4560
37.77	4870
37.78	4600
37.79	4960
37.8	4900
37.81	5180
37.82	4870
37.83	4850
37.84	4680
37.85	5570
37.86	4630
37.87	4640
37.88	4860
37.89	5000
37.9	4290
37.91	4650
37.92	4800
37.93	4700
37.94	4520
37.95	4720
37.96	4860
37.97	4370
37.98	4470
37.99	4900
38	4300
38.01	4410
38.02	4570
38.03	4360
38.04	4190
38.05	4610
38.06	4340
38.07	4630
38.08	4240
38.09	3990
38.1	4140
38.11	4220
38.12	4300
38.13	4220
38.14	4450
38.15	4140
38.16	4430
38.17	4220
38.18	4090
38.19	3950
38.2	3710
38.21	4210
38.22	3930
38.23	3970
38.24	4040
38.25	3860
38.26	3920
38.27	3960
38.28	4000
38.29	3620
38.3	4040
38.31	3960
38.32	3730
38.33	3670
38.34	3820
38.35	3620
38.36	3640
38.37	3870
38.38	3530
38.39	3360
38.4	3740
38.41	3780
38.42	3750
38.43	3790
38.44	3330
38.45	3720
38.46	3680
38.47	3350
38.48	3500
38.49	3800
38.5	3130
38.51	3400
38.52	3550
38.53	3440
38.54	3390
38.55	3170
38.56	3050
38.57	3300
38.58	3260
38.59	3410
38.6	3380
38.61	3050
38.62	3150
38.63	3120
38.64	3510
38.65	3670
38.66	3420
38.67	3270
38.68	3150
38.69	2960
38.7	3070
38.71	2930
38.72	2990
38.73	3310
38.74	3000
38.75	3120
38.76	2870
38.77	2710
38.78	2880
38.79	2830
38.8	2830
38.81	2730
38.82	2720
38.83	2850
38.84	2830
38.85	2710
38.86	2520
38.87	2410
38.88	2680
38.89	2570
38.9	2560
38.91	2450
38.92	2500
38.93	2210
38.94	2400
38.95	2350
38.96	2480
38.97	2530
38.98	2560
38.99	2330
39	2260
39.01	2270
39.02	2340
39.03	2210
39.04	2220
39.05	2190
39.06	1980
39.07	2000
39.08	2250
39.09	1980
39.1	2080
39.11	2060
39.12	1910
39.13	2080
39.14	1840
39.15	2120
39.16	2110
39.17	2090
39.18	1990
39.19	1950
39.2	1980
39.21	1910
39.22	1770
39.23	1920
39.24	1680
39.25	1990
39.26	1580
39.27	1710
39.28	1630
39.29	1620
39.3	1760
39.31	1850
39.32	1730
39.33	1710
39.34	1840
39.35	1470
39.36	1620
39.37	1590
39.38	1860
39.39	1690
39.4	1700
39.41	1610
39.42	1520
39.43	1510
39.44	1380
39.45	1520
39.46	1560
39.47	1700
39.48	1640
39.49	1550
39.5	1440
39.51	1550
39.52	1880
39.53	1340
39.54	1610
39.55	1590
39.56	1550
39.57	1550
39.58	1350
39.59	1560
39.6	1410
39.61	1410
39.62	1460
39.63	1510
39.64	1440
39.65	1510
39.66	1280
39.67	1630
39.68	1340
39.69	1490
39.7	1330
39.71	1480
39.72	1480
39.73	1370
39.74	1420
39.75	1320
39.76	1400
39.77	1210
39.78	1210
39.79	1380
39.8	1560
39.81	1440
39.82	1340
39.83	1260
39.84	1480
39.85	1480
39.86	1460
39.87	1380
39.88	1340
39.89	1580
39.9	1600
39.91	1480
39.92	1460
39.93	1170
39.94	1460
39.95	1540
39.96	1350
39.97	1400
39.98	1180
39.99	1280
40	1330
40.01	1370
40.02	1250
40.03	1410
40.04	1440
40.05	1420
40.06	1370
40.07	1480
40.08	1540
40.09	1280
40.1	1430
40.11	1620
40.12	1570
40.13	1430
40.14	1310
40.15	1470
40.16	1430
40.17	1370
40.18	1400
40.19	1240
40.2	1310
40.21	1500
40.22	1470
40.23	1400
40.24	1480
40.25	1330
40.26	1460
40.27	1380
40.28	1570
40.29	1200
40.3	1330
40.31	1300
40.32	1440
40.33	1350
40.34	1240
40.35	1380
40.36	1430
40.37	1470
40.38	1440
40.39	1490
40.4	1560
40.41	1440
40.42	1320
40.43	1370
40.44	1540
40.45	1380
40.46	1350
40.47	1420
40.48	1250
40.49	1250
40.5	1240
40.51	1090
40.52	1250
40.53	1390
40.54	1400
40.55	1440
40.56	1200
40.57	1420
40.58	1040
40.59	1210
40.6	1140
40.61	1300
40.62	1220
40.63	1330
40.64	1270
40.65	1410
40.66	1440
40.67	1270
40.68	1230
40.69	1090
40.7	1410
40.71	1450
40.72	1320
40.73	1240
40.74	1220
40.75	1190
40.76	1540
40.77	1200
40.78	1410
40.79	1270
40.8	1380
40.81	1340
40.82	1170
40.83	1270
40.84	1160
40.85	1300
40.86	1200
40.87	1530
40.88	1080
40.89	1090
40.9	1200
40.91	1330
40.92	1400
40.93	1410
40.94	1300
40.95	1310
40.96	1350
40.97	1150
40.98	1180
40.99	1330
41	1420
41.01	1230
41.02	1150
41.03	1240
41.04	1040
41.05	1000
41.06	1320
41.07	1310
41.08	1260
41.09	1210
41.1	1460
41.11	1350
41.12	1170
41.13	1130
41.14	1190
41.15	1170
41.16	1350
41.17	1200
41.18	1150
41.19	1390
41.2	1320
41.21	1390
41.22	1130
41.23	1210
41.24	1350
41.25	1130
41.26	1260
41.27	1230
41.28	1280
41.29	1360
41.3	1360
41.31	1300
41.32	1100
41.33	1320
41.34	1310
41.35	1190
41.36	1210
41.37	1250
41.38	1260
41.39	1380
41.4	1190
41.41	1150
41.42	1260
41.43	1100
41.44	1300
41.45	1270
41.46	1310
41.47	1220
41.48	1100
41.49	1060
41.5	1140
41.51	1310
41.52	1130
41.53	1230
41.54	1240
41.55	1120
41.56	1320
41.57	1210
41.58	1200
41.59	1080
41.6	1090
41.61	1120
41.62	1030
41.63	1200
41.64	1160
41.65	1170
41.66	1260
41.67	1090
41.68	1100
41.69	1170
41.7	1190
41.71	1360
41.72	1310
41.73	1270
41.74	1340
41.75	960
41.76	1160
41.77	1070
41.78	1190
41.79	1050
41.8	1100
41.81	1170
41.82	1240
41.83	1240
41.84	1120
41.85	1080
41.86	1200
41.87	1210
41.88	1140
41.89	1200
41.9	1260
41.91	1410
41.92	1120
41.93	1220
41.94	1060
41.95	1210
41.96	1130
41.97	1100
41.98	1390
41.99	1180
42	1260
42.01	1020
42.02	1310
42.03	1030
42.04	1200
42.05	1230
42.06	1230
42.07	1040
42.08	1140
42.09	1130
42.1	1310
42.11	1220
42.12	1330
42.13	1100
42.14	1070
42.15	1080
42.16	1070
42.17	1320
42.18	1110
42.19	1010
42.2	1240
42.21	1000
42.22	1380
42.23	950
42.24	1340
42.25	1110
42.26	1020
42.27	1010
42.28	1220
42.29	1090
42.3	1040
42.31	940
42.32	1260
42.33	1180
42.34	1210
42.35	1180
42.36	1260
42.37	1120
42.38	1210
42.39	1120
42.4	1130
42.41	1120
42.42	1060
42.43	1060
42.44	1260
42.45	1200
42.46	1210
42.47	1240
42.48	1280
42.49	1090
42.5	1100
42.51	1060
42.52	1000
42.53	1030
42.54	1130
42.55	1190
42.56	1110
42.57	1020
42.58	1070
42.59	1210
42.6	950
42.61	1120
42.62	1210
42.63	1160
42.64	1270
42.65	1070
42.66	1130
42.67	1130
42.68	1080
42.69	1340
42.7	1170
42.71	1020
42.72	1010
42.73	1040
42.74	1040
42.75	1110
42.76	1090
42.77	1030
42.78	1110
42.79	1010
42.8	1110
42.81	1170
42.82	1080
42.83	1050
42.84	1010
42.85	1080
42.86	1050
42.87	1100
42.88	1050
42.89	1120
42.9	1180
42.91	1090
42.92	1100
42.93	1030
42.94	1200
42.95	1100
42.96	1220
42.97	1240
42.98	1100
42.99	1110
43	1170
43.01	1160
43.02	1010
43.03	920
43.04	1000
43.05	1200
43.06	1140
43.07	1020
43.08	1090
43.09	1080
43.1	1070
43.11	950
43.12	1050
43.13	1200
43.14	1020
43.15	1070
43.16	960
43.17	940
43.18	1100
43.19	1220
43.2	970
43.21	1010
43.22	1150
43.23	1200
43.24	950
43.25	1090
43.26	1190
43.27	1220
43.28	1050
43.29	990
43.3	1070
43.31	1150
43.32	960
43.33	1090
43.34	1110
43.35	950
43.36	1270
43.37	950
43.38	950
43.39	980
43.4	960
43.41	1080
43.42	1080
43.43	1010
43.44	1110
43.45	1090
43.46	990
43.47	1100
43.48	970
43.49	1010
43.5	1150
43.51	990
43.52	1020
43.53	1090
43.54	1050
43.55	1250
43.56	1080
43.57	950
43.58	1100
43.59	990
43.6	1110
43.61	1120
43.62	990
43.63	1070
43.64	960
43.65	1270
43.66	1140
43.67	1070
43.68	1050
43.69	940
43.7	890
43.71	1110
43.72	1080
43.73	1180
43.74	1150
43.75	1060
43.76	1230
43.77	1140
43.78	1000
43.79	1040
43.8	1050
43.81	1020
43.82	1010
43.83	1040
43.84	1010
43.85	1070
43.86	910
43.87	990
43.88	1030
43.89	960
43.9	1010
43.91	1020
43.92	1320
43.93	1030
43.94	1090
43.95	1030
43.96	1100
43.97	1010
43.98	1160
43.99	1030
44	1030
44.01	890
44.02	970
44.03	1030
44.04	1090
44.05	1050
44.06	980
44.07	980
44.08	910
44.09	1140
44.1	950
44.11	950
44.12	970
44.13	1080
44.14	830
44.15	870
44.16	1020
44.17	990
44.18	830
44.19	910
44.2	1040
44.21	1170
44.22	1040
44.23	1030
44.24	1080
44.25	800
44.26	820
44.27	1030
44.28	930
44.29	980
44.3	990
44.31	830
44.32	990
44.33	980
44.34	980
44.35	980
44.36	1050
44.37	1030
44.38	980
44.39	1000
44.4	1020
44.41	940
44.42	960
44.43	1060
44.44	830
44.45	920
44.46	1010
44.47	1030
44.48	1000
44.49	840
44.5	1010
44.51	1040
44.52	970
44.53	780
44.54	940
44.55	1040
44.56	1120
44.57	1110
44.58	1020
44.59	990
44.6	1000
44.61	770
44.62	880
44.63	1000
44.64	850
44.65	890
44.66	840
44.67	1120
44.68	1000
44.69	1010
44.7	940
44.71	1010
44.72	930
44.73	1090
44.74	960
44.75	1110
44.76	920
44.77	900
44.78	1010
44.79	880
44.8	890
44.81	920
44.82	1040
44.83	960
44.84	1010
44.85	1120
44.86	1030
44.87	1000
44.88	1050
44.89	1190
44.9	970
44.91	1060
44.92	1030
44.93	970
44.94	990
44.95	920
44.96	980
44.97	1050
44.98	940
44.99	1030
45	960
45.01	1080
45.02	850
45.03	1060
45.04	1090
45.05	960
45.06	830
45.07	940
45.08	1090
45.09	850
45.1	940
45.11	990
45.12	900
45.13	1060
45.14	1000
45.15	1120
45.16	970
45.17	870
45.18	1080
45.19	890
45.2	950
45.21	840
45.22	930
45.23	820
45.24	990
45.25	890
45.26	1020
45.27	1120
45.28	1270
45.29	900
45.3	1020
45.31	970
45.32	1000
45.33	910
45.34	900
45.35	800
45.36	910
45.37	870
45.38	950
45.39	920
45.4	1060
45.41	880
45.42	1000
45.43	1140
45.44	1040
45.45	1020
45.46	1110
45.47	1010
45.48	1040
45.49	840
45.5	870
45.51	780
45.52	1040
45.53	980
45.54	1050
45.55	1030
45.56	940
45.57	900
45.58	1160
45.59	980
45.6	1060
45.61	930
45.62	1020
45.63	1030
45.64	960
45.65	920
45.66	1040
45.67	780
45.68	1030
45.69	810
45.7	820
45.71	850
45.72	980
45.73	1060
45.74	970
45.75	950
45.76	910
45.77	900
45.78	990
45.79	1080
45.8	1010
45.81	950
45.82	990
45.83	1000
45.84	960
45.85	840
45.86	900
45.87	1020
45.88	980
45.89	840
45.9	1050
45.91	890
45.92	930
45.93	1040
45.94	690
45.95	950
45.96	880
45.97	1020
45.98	1030
45.99	890
46	910
46.01	950
46.02	740
46.03	830
46.04	920
46.05	950
46.06	840
46.07	1020
46.08	830
46.09	990
46.1	1050
46.11	1060
46.12	1060
46.13	920
46.14	970
46.15	1040
46.16	1050
46.17	1080
46.18	800
46.19	770
46.2	1020
46.21	960
46.22	950
46.23	940
46.24	1070
46.25	820
46.26	960
46.27	970
46.28	950
46.29	1000
46.3	1180
46.31	990
46.32	900
46.33	990
46.34	960
46.35	900
46.36	1210
46.37	1040
46.38	890
46.39	920
46.4	900
46.41	830
46.42	980
46.43	1070
46.44	1150
46.45	1170
46.46	1120
46.47	970
46.48	1090
46.49	1110
46.5	990
46.51	1050
46.52	1160
46.53	1120
46.54	1110
46.55	1220
46.56	1040
46.57	940
46.58	910
46.59	970
46.6	990
46.61	940
46.62	1130
46.63	950
46.64	930
46.65	1050
46.66	1000
46.67	1100
46.68	1150
46.69	1100
46.7	1050
46.71	1190
46.72	950
46.73	950
46.74	1120
46.75	1100
46.76	930
46.77	870
46.78	1080
46.79	990
46.8	1000
46.81	1080
46.82	1040
46.83	1280
46.84	1160
46.85	1140
46.86	890
46.87	870
46.88	1140
46.89	1020
46.9	1010
46.91	1250
46.92	1220
46.93	1050
46.94	930
46.95	990
46.96	980
46.97	1030
46.98	900
46.99	1170
47	930
47.01	1110
47.02	1090
47.03	1070
47.04	1130
47.05	1180
47.06	1120
47.07	980
47.08	1160
47.09	1180
47.1	980
47.11	990
47.12	1020
47.13	1220
47.14	1060
47.15	1100
47.16	1160
47.17	1110
47.18	970
47.19	1050
47.2	990
47.21	880
47.22	1170
47.23	1150
47.24	1100
47.25	1040
47.26	1110
47.27	1260
47.28	1170
47.29	1220
47.3	910
47.31	1110
47.32	1190
47.33	1190
47.34	1090
47.35	1130
47.36	1060
47.37	1410
47.38	1060
47.39	1080
47.4	1130
47.41	1190
47.42	1170
47.43	1140
47.44	1210
47.45	1030
47.46	1080
47.47	1260
47.48	1190
47.49	1190
47.5	1190
47.51	1430
47.52	1280
47.53	1490
47.54	1520
47.55	1350
47.56	1350
47.57	1520
47.58	1860
47.59	1490
47.6	1470
47.61	1530
47.62	1530
47.63	1640
47.64	1670
47.65	1780
47.66	1800
47.67	1790
47.68	1750
47.69	1870
47.7	2170
47.71	2040
47.72	1850
47.73	2250
47.74	2260
47.75	2070
47.76	2390
47.77	2730
47.78	2820
47.79	2970
47.8	2890
47.81	3140
47.82	3370
47.83	3510
47.84	3980
47.85	4430
47.86	4920
47.87	5440
47.88	5830
47.89	6480
47.9	6790
47.91	7610
47.92	8430
47.93	8730
47.94	9420
47.95	10240
47.96	11510
47.97	12350
47.98	12370
47.99	13180
48	13980
48.01	14490
48.02	13990
48.03	15490
48.04	14610
48.05	15710
48.06	16110
48.07	16220
48.08	15950
48.09	15660
48.1	15740
48.11	14070
48.12	14610
48.13	13180
48.14	12980
48.15	12990
48.16	11770
48.17	10850
48.18	10460
48.19	10030
48.2	9610
48.21	8840
48.22	8240
48.23	8020
48.24	6960
48.25	6930
48.26	6200
48.27	5340
48.28	5520
48.29	4960
48.3	4410
48.31	4340
48.32	4060
48.33	3460
48.34	3280
48.35	3010
48.36	2880
48.37	2820
48.38	2570
48.39	2470
48.4	2290
48.41	2300
48.42	2070
48.43	1950
48.44	2080
48.45	2050
48.46	1770
48.47	1930
48.48	1960
48.49	1810
48.5	1820
48.51	1870
48.52	1840
48.53	1570
48.54	1570
48.55	1610
48.56	1660
48.57	1320
48.58	1620
48.59	1610
48.6	1530
48.61	1370
48.62	1210
48.63	1350
48.64	1350
48.65	1280
48.66	1210
48.67	1210
48.68	1420
48.69	1450
48.7	1390
48.71	1270
48.72	1220
48.73	1230
48.74	1240
48.75	1300
48.76	1300
48.77	1120
48.78	1110
48.79	1020
48.8	1150
48.81	1130
48.82	970
48.83	1040
48.84	1200
48.85	1160
48.86	1130
48.87	1050
48.88	1130
48.89	1000
48.9	1080
48.91	890
48.92	1010
48.93	940
48.94	1020
48.95	1080
48.96	1130
48.97	1270
48.98	1050
48.99	1000
49	930
49.01	940
49.02	820
49.03	960
49.04	940
49.05	940
49.06	1020
49.07	960
49.08	910
49.09	1000
49.1	1260
49.11	920
49.12	1070
49.13	880
49.14	980
49.15	1090
49.16	1100
49.17	790
49.18	910
49.19	900
49.2	1020
49.21	980
49.22	840
49.23	920
49.24	970
49.25	940
49.26	790
49.27	1030
49.28	1080
49.29	1060
49.3	940
49.31	1020
49.32	940
49.33	850
49.34	880
49.35	820
49.36	740
49.37	800
49.38	900
49.39	960
49.4	960
49.41	930
49.42	830
49.43	1100
49.44	1030
49.45	890
49.46	960
49.47	990
49.48	810
49.49	800
49.5	1100
49.51	900
49.52	780
49.53	890
49.54	830
49.55	890
49.56	910
49.57	1100
49.58	990
49.59	600
49.6	870
49.61	1110
49.62	930
49.63	830
49.64	840
49.65	730
49.66	950
49.67	790
49.68	970
49.69	770
49.7	1050
49.71	820
49.72	830
49.73	920
49.74	810
49.75	910
49.76	1030
49.77	820
49.78	810
49.79	1060
49.8	850
49.81	1000
49.82	1070
49.83	910
49.84	910
49.85	850
49.86	830
49.87	870
49.88	790
49.89	890
49.9	870
49.91	780
49.92	930
49.93	980
49.94	770
49.95	670
49.96	780
49.97	960
49.98	870
49.99	780
50	680
50.01	890
50.02	780
50.03	970
50.04	1030
50.05	930
50.06	810
50.07	870
50.08	750
50.09	910
50.1	870
50.11	870
50.12	830
50.13	960
50.14	810
50.15	900
50.16	980
50.17	820
50.18	850
50.19	760
50.2	720
50.21	710
50.22	750
50.23	850
50.24	760
50.25	790
50.26	890
50.27	750
50.28	880
50.29	890
50.3	1020
50.31	990
50.32	800
50.33	820
50.34	930
50.35	1000
50.36	800
50.37	970
50.38	790
50.39	650
50.4	840
50.41	820
50.42	790
50.43	940
50.44	900
50.45	820
50.46	720
50.47	800
50.48	810
50.49	960
50.5	800
50.51	790
50.52	850
50.53	780
50.54	750
50.55	870
50.56	850
50.57	810
50.58	820
50.59	800
50.6	870
50.61	940
50.62	780
50.63	730
50.64	920
50.65	810
50.66	890
50.67	960
50.68	770
50.69	800
50.7	720
50.71	800
50.72	870
50.73	720
50.74	1000
50.75	660
50.76	810
50.77	900
50.78	830
50.79	750
50.8	780
50.81	850
50.82	630
50.83	710
50.84	830
50.85	700
50.86	780
50.87	750
50.88	950
50.89	900
50.9	800
50.91	820
50.92	750
50.93	930
50.94	960
50.95	760
50.96	900
50.97	850
50.98	840
50.99	840
51	790
51.01	810
51.02	850
51.03	710
51.04	760
51.05	750
51.06	750
51.07	800
51.08	790
51.09	800
51.1	900
51.11	820
51.12	930
51.13	760
51.14	820
51.15	910
51.16	760
51.17	710
51.18	810
51.19	880
51.2	760
51.21	780
51.22	800
51.23	940
51.24	840
51.25	960
51.26	930
51.27	990
51.28	750
51.29	810
51.3	770
51.31	740
51.32	720
51.33	770
51.34	820
51.35	800
51.36	770
51.37	840
51.38	870
51.39	900
51.4	840
51.41	950
51.42	820
51.43	850
51.44	870
51.45	790
51.46	700
51.47	820
51.48	890
51.49	890
51.5	870
51.51	700
51.52	880
51.53	910
51.54	950
51.55	810
51.56	890
51.57	1000
51.58	870
51.59	810
51.6	840
51.61	760
51.62	760
51.63	740
51.64	770
51.65	820
51.66	900
51.67	770
51.68	940
51.69	750
51.7	920
51.71	880
51.72	910
51.73	880
51.74	920
51.75	900
51.76	770
51.77	810
51.78	930
51.79	840
51.8	830
51.81	890
51.82	770
51.83	900
51.84	880
51.85	920
51.86	790
51.87	990
51.88	830
51.89	870
51.9	960
51.91	820
51.92	730
51.93	630
51.94	750
51.95	870
51.96	890
51.97	850
51.98	930
51.99	690
52	690
52.01	790
52.02	910
52.03	830
52.04	850
52.05	920
52.06	820
52.07	870
52.08	720
52.09	780
52.1	930
52.11	1030
52.12	800
52.13	840
52.14	1040
52.15	940
52.16	790
52.17	810
52.18	810
52.19	770
52.2	710
52.21	790
52.22	870
52.23	740
52.24	690
52.25	710
52.26	930
52.27	880
52.28	780
52.29	880
52.3	960
52.31	760
52.32	840
52.33	920
52.34	1080
52.35	790
52.36	960
52.37	800
52.38	760
52.39	840
52.4	870
52.41	820
52.42	810
52.43	730
52.44	840
52.45	950
52.46	900
52.47	840
52.48	1020
52.49	910
52.5	980
52.51	1010
52.52	920
52.53	790
52.54	1010
52.55	1070
52.56	950
52.57	960
52.58	900
52.59	810
52.6	850
52.61	750
52.62	1000
52.63	1070
52.64	1040
52.65	1000
52.66	1120
52.67	1090
52.68	1080
52.69	1190
52.7	950
52.71	1050
52.72	1190
52.73	1020
52.74	950
52.75	1070
52.76	1330
52.77	1170
52.78	910
52.79	1250
52.8	1120
52.81	1320
52.82	1080
52.83	1060
52.84	1140
52.85	1090
52.86	1320
52.87	1200
52.88	1210
52.89	1270
52.9	1110
52.91	1380
52.92	1170
52.93	1210
52.94	1220
52.95	1230
52.96	1200
52.97	1420
52.98	1690
52.99	1500
53	1370
53.01	1560
53.02	1350
53.03	1730
53.04	1440
53.05	1550
53.06	1500
53.07	1680
53.08	1480
53.09	1590
53.1	1440
53.11	1530
53.12	1510
53.13	1710
53.14	1610
53.15	1950
53.16	1730
53.17	1540
53.18	1560
53.19	1710
53.2	2000
53.21	1930
53.22	2100
53.23	2060
53.24	1840
53.25	1810
53.26	1800
53.27	1970
53.28	2020
53.29	2240
53.3	2210
53.31	2180
53.32	2200
53.33	2010
53.34	2120
53.35	1910
53.36	2420
53.37	2390
53.38	2280
53.39	2290
53.4	2190
53.41	2500
53.42	2290
53.43	2140
53.44	2060
53.45	2050
53.46	1970
53.47	2370
53.48	2260
53.49	2540
53.5	2420
53.51	2630
53.52	2420
53.53	2510
53.54	2450
53.55	2500
53.56	2770
53.57	2570
53.58	2710
53.59	2560
53.6	2410
53.61	2540
53.62	2470
53.63	2690
53.64	2670
53.65	2600
53.66	2610
53.67	2740
53.68	2750
53.69	2700
53.7	2660
53.71	2660
53.72	2690
53.73	2610
53.74	2770
53.75	2570
53.76	2760
53.77	2560
53.78	2770
53.79	2870
53.8	2750
53.81	2720
53.82	2910
53.83	2530
53.84	2820
53.85	2820
53.86	2700
53.87	3040
53.88	2880
53.89	2890
53.9	3070
53.91	2670
53.92	3090
53.93	2790
53.94	2850
53.95	3090
53.96	2780
53.97	3120
53.98	2830
53.99	2970
54	3030
54.01	2850
54.02	2890
54.03	2940
54.04	2860
54.05	2930
54.06	2880
54.07	2900
54.08	2900
54.09	2910
54.1	2830
54.11	2890
54.12	2890
54.13	2900
54.14	2990
54.15	3160
54.16	2670
54.17	3070
54.18	2840
54.19	2800
54.2	2660
54.21	2780
54.22	2980
54.23	2910
54.24	3190
54.25	2820
54.26	2950
54.27	2630
54.28	2790
54.29	2820
54.3	2920
54.31	2800
54.32	3050
54.33	2830
54.34	2960
54.35	2980
54.36	2910
54.37	2640
54.38	3090
54.39	2780
54.4	2800
54.41	2530
54.42	2530
54.43	2800
54.44	2840
54.45	2860
54.46	2630
54.47	2840
54.48	2620
54.49	2750
54.5	2850
54.51	2760
54.52	2480
54.53	2540
54.54	2870
54.55	2600
54.56	2610
54.57	2490
54.58	2560
54.59	2660
54.6	2270
54.61	2300
54.62	2540
54.63	2770
54.64	2620
54.65	2660
54.66	2890
54.67	2750
54.68	2820
54.69	2820
54.7	2950
54.71	2750
54.72	2730
54.73	2880
54.74	3130
54.75	3150
54.76	3320
54.77	3300
54.78	3370
54.79	3410
54.8	3670
54.81	3910
54.82	3970
54.83	4000
54.84	4040
54.85	4350
54.86	4210
54.87	4260
54.88	4770
54.89	4620
54.9	4930
54.91	5220
54.92	5390
54.93	5640
54.94	5980
54.95	6020
54.96	6020
54.97	6550
54.98	6440
54.99	6880
55	6730
55.01	6850
55.02	7260
55.03	6910
55.04	7240
55.05	7110
55.06	7370
55.07	7210
55.08	7080
55.09	6910
55.1	6970
55.11	7250
55.12	6560
55.13	6740
55.14	7010
55.15	6830
55.16	6550
55.17	6320
55.18	6300
55.19	6420
55.2	5670
55.21	5450
55.22	5350
55.23	5610
55.24	5320
55.25	4860
55.26	4610
55.27	4570
55.28	4200
55.29	3620
55.3	3940
55.31	3900
55.32	3530
55.33	3390
55.34	3300
55.35	3420
55.36	3090
55.37	3130
55.38	2720
55.39	2730
55.4	2470
55.41	2490
55.42	2300
55.43	2280
55.44	2250
55.45	1990
55.46	2070
55.47	1960
55.48	1750
55.49	1660
55.5	1740
55.51	1590
55.52	1480
55.53	1740
55.54	1600
55.55	1730
55.56	1330
55.57	1230
55.58	1320
55.59	1460
55.6	1440
55.61	1520
55.62	1490
55.63	1500
55.64	1220
55.65	1120
55.66	1070
55.67	1270
55.68	1320
55.69	1030
55.7	1110
55.71	1210
55.72	1150
55.73	1090
55.74	1150
55.75	970
55.76	950
55.77	1100
55.78	1020
55.79	990
55.8	1080
55.81	1080
55.82	1160
55.83	970
55.84	1050
55.85	950
55.86	970
55.87	1030
55.88	1070
55.89	970
55.9	870
55.91	1000
55.92	990
55.93	880
55.94	990
55.95	1050
55.96	940
55.97	800
55.98	840
55.99	830
56	1070
56.01	770
56.02	930
56.03	890
56.04	810
56.05	950
56.06	800
56.07	1020
56.08	940
56.09	950
56.1	880
56.11	780
56.12	900
56.13	1000
56.14	920
56.15	820
56.16	820
56.17	890
56.18	760
56.19	1010
56.2	880
56.21	780
56.22	790
56.23	760
56.24	960
56.25	1010
56.26	910
56.27	780
56.28	940
56.29	730
56.3	770
56.31	700
56.32	680
56.33	700
56.34	800
56.35	850
56.36	750
56.37	830
56.38	790
56.39	850
56.4	720
56.41	820
56.42	730
56.43	870
56.44	700
56.45	740
56.46	770
56.47	960
56.48	940
56.49	730
56.5	670
56.51	790
56.52	700
56.53	710
56.54	870
56.55	810
56.56	690
56.57	800
56.58	740
56.59	740
56.6	730
56.61	790
56.62	840
56.63	910
56.64	720
56.65	770
56.66	760
56.67	840
56.68	810
56.69	820
56.7	730
56.71	820
56.72	830
56.73	630
56.74	710
56.75	850
56.76	790
56.77	770
56.78	630
56.79	830
56.8	790
56.81	830
56.82	790
56.83	710
56.84	680
56.85	610
56.86	630
56.87	730
56.88	640
56.89	630
56.9	700
56.91	740
56.92	650
56.93	820
56.94	680
56.95	790
56.96	620
56.97	610
56.98	740
56.99	790
57	720
57.01	650
57.02	670
57.03	740
57.04	810
57.05	810
57.06	660
57.07	610
57.08	730
57.09	670
57.1	720
57.11	730
57.12	740
57.13	720
57.14	640
57.15	790
57.16	580
57.17	640
57.18	600
57.19	760
57.2	660
57.21	690
57.22	620
57.23	590
57.24	630
57.25	600
57.26	600
57.27	730
57.28	680
57.29	670
57.3	680
57.31	670
57.32	800
57.33	670
57.34	790
57.35	600
57.36	690
57.37	700
57.38	600
57.39	650
57.4	680
57.41	760
57.42	720
57.43	600
57.44	680
57.45	540
57.46	480
57.47	680
57.48	780
57.49	680
57.5	640
57.51	650
57.52	740
57.53	820
57.54	770
57.55	620
57.56	670
57.57	630
57.58	810
57.59	650
57.6	660
57.61	570
57.62	670
57.63	650
57.64	730
57.65	690
57.66	620
57.67	670
57.68	620
57.69	690
57.7	630
57.71	560
57.72	610
57.73	610
57.74	650
57.75	570
57.76	560
57.77	590
57.78	810
57.79	590
57.8	510
57.81	740
57.82	690
57.83	640
57.84	630
57.85	530
57.86	630
57.87	560
57.88	610
57.89	660
57.9	700
57.91	610
57.92	660
57.93	740
57.94	610
57.95	560
57.96	610
57.97	650
57.98	670
57.99	600
58	820
58.01	700
58.02	740
58.03	580
58.04	660
58.05	600
58.06	560
58.07	700
58.08	650
58.09	650
58.1	570
58.11	700
58.12	570
58.13	630
58.14	630
58.15	570
58.16	680
58.17	720
58.18	550
58.19	640
58.2	460
58.21	650
58.22	660
58.23	740
58.24	540
58.25	680
58.26	660
58.27	610
58.28	460
58.29	540
58.3	630
58.31	730
58.32	720
58.33	660
58.34	640
58.35	660
58.36	610
58.37	500
58.38	700
58.39	600
58.4	690
58.41	540
58.42	540
58.43	680
58.44	620
58.45	630
58.46	630
58.47	580
58.48	500
58.49	620
58.5	570
58.51	570
58.52	580
58.53	700
58.54	810
58.55	660
58.56	620
58.57	590
58.58	600
58.59	540
58.6	700
58.61	660
58.62	670
58.63	780
58.64	650
58.65	660
58.66	640
58.67	550
58.68	620
58.69	600
58.7	660
58.71	520
58.72	570
58.73	610
58.74	530
58.75	580
58.76	620
58.77	770
58.78	660
58.79	670
58.8	620
58.81	610
58.82	650
58.83	620
58.84	570
58.85	650
58.86	670
58.87	580
58.88	580
58.89	590
58.9	650
58.91	610
58.92	550
58.93	580
58.94	590
58.95	720
58.96	570
58.97	600
58.98	570
58.99	710
59	620
59.01	660
59.02	620
59.03	620
59.04	800
59.05	580
59.06	600
59.07	520
59.08	500
59.09	490
59.1	670
59.11	600
59.12	610
59.13	660
59.14	480
59.15	760
59.16	600
59.17	480
59.18	650
59.19	650
59.2	570
59.21	700
59.22	640
59.23	600
59.24	590
59.25	530
59.26	680
59.27	450
59.28	500
59.29	600
59.3	700
59.31	590
59.32	790
59.33	650
59.34	530
59.35	580
59.36	680
59.37	590
59.38	630
59.39	530
59.4	560
59.41	650
59.42	600
59.43	590
59.44	490
59.45	560
59.46	570
59.47	650
59.48	710
59.49	660
59.5	550
59.51	650
59.52	510
59.53	540
59.54	560
59.55	720
59.56	650
59.57	650
59.58	630
59.59	590
59.6	660
59.61	600
59.62	670
59.63	500
59.64	610
59.65	670
59.66	550
59.67	650
59.68	570
59.69	780
59.7	580
59.71	640
59.72	570
59.73	620
59.74	630
59.75	570
59.76	590
59.77	680
59.78	610
59.79	560
59.8	680
59.81	700
59.82	590
59.83	550
59.84	580
59.85	600
59.86	570
59.87	600
59.88	680
59.89	730
59.9	610
59.91	570
59.92	580
59.93	710
59.94	600
59.95	560
59.96	570
59.97	620
59.98	730
59.99	580
60	640
60.01	590
60.02	370
60.03	600
60.04	480
60.05	560
60.06	560
60.07	510
60.08	560
60.09	590
60.1	560
60.11	630
60.12	520
60.13	550
60.14	500
60.15	640
60.16	560
60.17	640
60.18	590
60.19	680
60.2	660
60.21	660
60.22	610
60.23	540
60.24	760
60.25	600
60.26	540
60.27	660
60.28	650
60.29	530
60.3	630
60.31	690
60.32	720
60.33	570
60.34	730
60.35	620
60.36	560
60.37	640
60.38	640
60.39	670
60.4	570
60.41	530
60.42	500
60.43	560
60.44	720
60.45	540
60.46	630
60.47	570
60.48	680
60.49	520
60.5	610
60.51	590
60.52	610
60.53	550
60.54	570
60.55	670
60.56	710
60.57	660
60.58	580
60.59	550
60.6	690
60.61	690
60.62	670
60.63	660
60.64	400
60.65	590
60.66	550
60.67	740
60.68	550
60.69	600
60.7	690
60.71	650
60.72	550
60.73	480
60.74	550
60.75	600
60.76	770
60.77	640
60.78	450
60.79	540
60.8	680
60.81	600
60.82	700
60.83	630
60.84	520
60.85	520
60.86	670
60.87	640
60.88	610
60.89	550
60.9	610
60.91	670
60.92	550
60.93	610
60.94	880
60.95	590
60.96	690
60.97	600
60.98	750
60.99	560
61	710
61.01	670
61.02	590
61.03	600
61.04	690
61.05	760
61.06	680
61.07	730
61.08	780
61.09	830
61.1	690
61.11	660
61.12	620
61.13	700
61.14	660
61.15	660
61.16	840
61.17	770
61.18	660
61.19	740
61.2	610
61.21	650
61.22	770
61.23	820
61.24	630
61.25	730
61.26	610
61.27	800
61.28	660
61.29	730
61.3	650
61.31	840
61.32	800
61.33	750
61.34	640
61.35	870
61.36	730
61.37	730
61.38	640
61.39	810
61.4	780
61.41	770
61.42	670
61.43	820
61.44	740
61.45	760
61.46	640
61.47	670
61.48	770
61.49	750
61.5	760
61.51	790
61.52	780
61.53	810
61.54	930
61.55	990
61.56	930
61.57	800
61.58	820
61.59	970
61.6	880
61.61	940
61.62	840
61.63	1040
61.64	900
61.65	1050
61.66	1070
61.67	780
61.68	1000
61.69	990
61.7	980
61.71	960
61.72	1190
61.73	1060
61.74	1080
61.75	1080
61.76	1120
61.77	1300
61.78	1100
61.79	1230
61.8	1060
61.81	1240
61.82	1380
61.83	1100
61.84	1260
61.85	1260
61.86	1180
61.87	1360
61.88	1410
61.89	1050
61.9	1400
61.91	1410
61.92	1340
61.93	1540
61.94	1490
61.95	1590
61.96	1320
61.97	1370
61.98	1730
61.99	1550
62	1450
62.01	1480
62.02	1650
62.03	1930
62.04	1650
62.05	1650
62.06	1670
62.07	1690
62.08	2020
62.09	1920
62.1	1950
62.11	1990
62.12	1920
62.13	1780
62.14	1920
62.15	1960
62.16	1930
62.17	1790
62.18	1940
62.19	2130
62.2	2160
62.21	1870
62.22	2130
62.23	1750
62.24	2420
62.25	2190
62.26	2280
62.27	2190
62.28	2440
62.29	2330
62.3	2300
62.31	2590
62.32	2240
62.33	2600
62.34	2420
62.35	2360
62.36	2450
62.37	2270
62.38	2310
62.39	2800
62.4	2620
62.41	2650
62.42	2610
62.43	2430
62.44	2380
62.45	2570
62.46	2500
62.47	2400
62.48	2690
62.49	2770
62.5	2810
62.51	2730
62.52	2910
62.53	2680
62.54	2890
62.55	2820
62.56	2810
62.57	2770
62.58	2780
62.59	2690
62.6	3080
62.61	2750
62.62	2910
62.63	2710
62.64	2890
62.65	2670
62.66	3030
62.67	3040
62.68	2780
62.69	2960
62.7	2960
62.71	2990
62.72	2940
62.73	2910
62.74	3040
62.75	3000
62.76	2720
62.77	2820
62.78	2850
62.79	2720
62.8	2790
62.81	2640
62.82	2750
62.83	3000
62.84	2750
62.85	2910
62.86	2790
62.87	2660
62.88	2940
62.89	2770
62.9	2470
62.91	2550
62.92	2700
62.93	2820
62.94	2590
62.95	2410
62.96	2230
62.97	2590
62.98	2440
62.99	2330
63	2230
63.01	2310
63.02	2160
63.03	2290
63.04	2220
63.05	2290
63.06	2170
63.07	1960
63.08	2170
63.09	2030
63.1	2040
63.11	1950
63.12	1950
63.13	2120
63.14	1980
63.15	1940
63.16	1830
63.17	1750
63.18	1980
63.19	1770
63.2	1710
63.21	1780
63.22	2060
63.23	1770
63.24	1640
63.25	1670
63.26	1480
63.27	1580
63.28	1450
63.29	1310
63.3	1500
63.31	1580
63.32	1450
63.33	1400
63.34	1320
63.35	1400
63.36	1490
63.37	1350
63.38	1400
63.39	1320
63.4	1420
63.41	1280
63.42	1330
63.43	1340
63.44	1280
63.45	1210
63.46	1150
63.47	1160
63.48	1300
63.49	940
63.5	1100
63.51	1310
63.52	1070
63.53	1060
63.54	1120
63.55	1030
63.56	1030
63.57	1020
63.58	870
63.59	930
63.6	1110
63.61	880
63.62	950
63.63	1030
63.64	780
63.65	910
63.66	880
63.67	960
63.68	960
63.69	970
63.7	910
63.71	700
63.72	830
63.73	920
63.74	760
63.75	780
63.76	830
63.77	610
63.78	810
63.79	730
63.8	750
63.81	730
63.82	800
63.83	750
63.84	810
63.85	700
63.86	690
63.87	890
63.88	670
63.89	550
63.9	670
63.91	730
63.92	650
63.93	590
63.94	610
63.95	620
63.96	560
63.97	670
63.98	670
63.99	800
64	660
64.01	600
64.02	610
64.03	740
64.04	580
64.05	600
64.06	660
64.07	590
64.08	570
64.09	630
64.1	550
64.11	740
64.12	460
64.13	690
64.14	630
64.15	620
64.16	630
64.17	750
64.18	580
64.19	600
64.2	640
64.21	620
64.22	570
64.23	620
64.24	520
64.25	580
64.26	710
64.27	560
64.28	520
64.29	690
64.3	510
64.31	580
64.32	600
64.33	530
64.34	530
64.35	570
64.36	610
64.37	640
64.38	550
64.39	540
64.4	650
64.41	640
64.42	660
64.43	560
64.44	580
64.45	620
64.46	570
64.47	560
64.48	550
64.49	660
64.5	560
64.51	610
64.52	510
64.53	660
64.54	490
64.55	490
64.56	650
64.57	670
64.58	590
64.59	640
64.6	610
64.61	410
64.62	660
64.63	610
64.64	660
64.65	560
64.66	460
64.67	610
64.68	600
64.69	370
64.7	680
64.71	630
64.72	540
64.73	690
64.74	610
64.75	650
64.76	420
64.77	570
64.78	580
64.79	590
64.8	690
64.81	610
64.82	700
64.83	580
64.84	550
64.85	530
64.86	490
64.87	620
64.88	590
64.89	540
64.9	570
64.91	550
64.92	660
64.93	530
64.94	440
64.95	460
64.96	570
64.97	680
64.98	530
64.99	510
65	500
65.01	500
65.02	500
65.03	660
65.04	620
65.05	540
65.06	510
65.07	620
65.08	570
65.09	590
65.1	600
65.11	550
65.12	610
65.13	650
65.14	690
65.15	560
65.16	550
65.17	500
65.18	550
65.19	620
65.2	630
65.21	690
65.22	520
65.23	710
65.24	510
65.25	570
65.26	640
65.27	520
65.28	520
65.29	580
65.3	520
65.31	540
65.32	500
65.33	520
65.34	560
65.35	560
65.36	510
65.37	580
65.38	620
65.39	530
65.4	600
65.41	500
65.42	510
65.43	520
65.44	550
65.45	570
65.46	590
65.47	540
65.48	630
65.49	470
65.5	500
65.51	570
65.52	440
65.53	630
65.54	590
65.55	590
65.56	570
65.57	550
65.58	550
65.59	610
65.6	490
65.61	550
65.62	610
65.63	510
65.64	480
65.65	570
65.66	530
65.67	520
65.68	600
65.69	630
65.7	510
65.71	560
65.72	730
65.73	610
65.74	600
65.75	510
65.76	410
65.77	590
65.78	480
65.79	470
65.8	570
65.81	490
65.82	450
65.83	540
65.84	450
65.85	560
65.86	650
65.87	460
65.88	520
65.89	540
65.9	480
65.91	390
65.92	440
65.93	680
65.94	390
65.95	580
65.96	550
65.97	500
65.98	470
65.99	530
66	520
66.01	640
66.02	600
66.03	480
66.04	540
66.05	560
66.06	610
66.07	500
66.08	380
66.09	660
66.1	600
66.11	620
66.12	640
66.13	550
66.14	410
66.15	460
66.16	540
66.17	460
66.18	620
66.19	640
66.2	520
66.21	600
66.22	490
66.23	530
66.24	650
66.25	630
66.26	560
66.27	400
66.28	660
66.29	600
66.3	610
66.31	510
66.32	530
66.33	630
66.34	470
66.35	580
66.36	560
66.37	540
66.38	530
66.39	600
66.4	560
66.41	560
66.42	500
66.43	560
66.44	530
66.45	580
66.46	580
66.47	570
66.48	500
66.49	500
66.5	510
66.51	480
66.52	420
66.53	530
66.54	440
66.55	620
66.56	620
66.57	490
66.58	540
66.59	460
66.6	550
66.61	550
66.62	450
66.63	500
66.64	600
66.65	610
66.66	460
66.67	540
66.68	600
66.69	570
66.7	530
66.71	400
66.72	570
66.73	590
66.74	580
66.75	500
66.76	470
66.77	600
66.78	620
66.79	540
66.8	450
66.81	540
66.82	520
66.83	530
66.84	410
66.85	460
66.86	460
66.87	620
66.88	530
66.89	530
66.9	600
66.91	420
66.92	560
66.93	580
66.94	560
66.95	530
66.96	530
66.97	480
66.98	550
66.99	610
67	520
67.01	610
67.02	420
67.03	610
67.04	450
67.05	510
67.06	550
67.07	550
67.08	530
67.09	420
67.1	530
67.11	580
67.12	630
67.13	520
67.14	400
67.15	290
67.16	500
67.17	490
67.18	570
67.19	490
67.2	560
67.21	390
67.22	620
67.23	600
67.24	600
67.25	610
67.26	560
67.27	480
67.28	680
67.29	600
67.3	670
67.31	520
67.32	620
67.33	540
67.34	570
67.35	630
67.36	530
67.37	630
67.38	610
67.39	620
67.4	590
67.41	550
67.42	530
67.43	620
67.44	480
67.45	590
67.46	560
67.47	750
67.48	510
67.49	550
67.5	550
67.51	500
67.52	710
67.53	580
67.54	560
67.55	630
67.56	590
67.57	600
67.58	630
67.59	660
67.6	800
67.61	490
67.62	780
67.63	840
67.64	600
67.65	590
67.66	550
67.67	650
67.68	690
67.69	650
67.7	640
67.71	560
67.72	780
67.73	670
67.74	720
67.75	710
67.76	800
67.77	580
67.78	800
67.79	770
67.8	790
67.81	890
67.82	660
67.83	760
67.84	710
67.85	720
67.86	820
67.87	780
67.88	760
67.89	560
67.9	670
67.91	760
67.92	720
67.93	640
67.94	910
67.95	690
67.96	750
67.97	880
67.98	940
67.99	890
68	730
68.01	780
68.02	690
68.03	750
68.04	830
68.05	830
68.06	780
68.07	890
68.08	800
68.09	990
68.1	850
68.11	820
68.12	970
68.13	960
68.14	780
68.15	920
68.16	900
68.17	870
68.18	730
68.19	1020
68.2	840
68.21	970
68.22	940
68.23	710
68.24	870
68.25	960
68.26	930
68.27	930
68.28	940
68.29	1020
68.3	800
68.31	970
68.32	900
68.33	970
68.34	760
68.35	1120
68.36	950
68.37	770
68.38	1200
68.39	940
68.4	1210
68.41	980
68.42	1040
68.43	1140
68.44	1010
68.45	970
68.46	880
68.47	1050
68.48	910
68.49	1280
68.5	910
68.51	990
68.52	790
68.53	970
68.54	1130
68.55	1170
68.56	1100
68.57	1120
68.58	1080
68.59	1200
68.6	1130
68.61	930
68.62	1000
68.63	1120
68.64	1190
68.65	1220
68.66	1070
68.67	1150
68.68	1150
68.69	1040
68.7	1120
68.71	1330
68.72	1170
68.73	1180
68.74	1000
68.75	970
68.76	1090
68.77	1080
68.78	1170
68.79	1240
68.8	1120
68.81	1070
68.82	1070
68.83	1260
68.84	1460
68.85	1320
68.86	1150
68.87	1040
68.88	1130
68.89	1210
68.9	1180
68.91	1300
68.92	1180
68.93	1130
68.94	1110
68.95	1060
68.96	1230
68.97	1150
68.98	1250
68.99	1390
69	1220
69.01	1320
69.02	1070
69.03	1070
69.04	950
69.05	1080
69.06	1080
69.07	1060
69.08	1220
69.09	1180
69.1	1100
69.11	1180
69.12	1350
69.13	1140
69.14	1020
69.15	1210
69.16	1140
69.17	1140
69.18	1040
69.19	1150
69.2	1340
69.21	1140
69.22	980
69.23	1040
69.24	1000
69.25	980
69.26	1030
69.27	900
69.28	1030
69.29	1020
69.3	960
69.31	950
69.32	1010
69.33	940
69.34	960
69.35	1100
69.36	940
69.37	880
69.38	1040
69.39	920
69.4	950
69.41	940
69.42	1000
69.43	880
69.44	1000
69.45	800
69.46	1010
69.47	770
69.48	760
69.49	940
69.5	760
69.51	840
69.52	830
69.53	1090
69.54	950
69.55	910
69.56	880
69.57	890
69.58	830
69.59	840
69.6	740
69.61	940
69.62	780
69.63	760
69.64	850
69.65	720
69.66	900
69.67	840
69.68	830
69.69	820
69.7	870
69.71	760
69.72	780
69.73	830
69.74	770
69.75	810
69.76	890
69.77	770
69.78	810
69.79	890
69.8	920
69.81	880
69.82	800
69.83	850
69.84	940
69.85	840
69.86	920
69.87	890
69.88	1000
69.89	830
69.9	840
69.91	820
69.92	960
69.93	1180
69.94	970
69.95	910
69.96	1200
69.97	920
69.98	1100
69.99	1070
70	950
70.01	1130
70.02	1260
70.03	1210
70.04	1250
70.05	1430
70.06	1370
70.07	1470
70.08	1640
70.09	1540
70.1	1620
70.11	1630
70.12	1930
70.13	2180
70.14	2280
70.15	2140
70.16	2390
70.17	2350
70.18	2440
70.19	2790
70.2	2830
70.21	2680
70.22	2680
70.23	2830
70.24	2980
70.25	2920
70.26	2990
70.27	2880
70.28	2840
70.29	3220
70.3	2810
70.31	3010
70.32	2820
70.33	2860
70.34	2740
70.35	2770
70.36	2510
70.37	2560
70.38	2510
70.39	2470
70.4	2690
70.41	2720
70.42	2660
70.43	2240
70.44	2200
70.45	2310
70.46	2230
70.47	2020
70.48	1960
70.49	2060
70.5	1870
70.51	2040
70.52	1820
70.53	1790
70.54	1850
70.55	1650
70.56	1410
70.57	1400
70.58	1260
70.59	1530
70.6	1090
70.61	1120
70.62	1330
70.63	1060
70.64	980
70.65	1000
70.66	940
70.67	930
70.68	950
70.69	900
70.7	790
70.71	760
70.72	920
70.73	850
70.74	800
70.75	760
70.76	880
70.77	740
70.78	940
70.79	820
70.8	710
70.81	730
70.82	700
70.83	690
70.84	730
70.85	550
70.86	660
70.87	700
70.88	690
70.89	630
70.9	510
70.91	600
70.92	650
70.93	610
70.94	480
70.95	620
70.96	600
70.97	620
70.98	660
70.99	650
71	600
71.01	550
71.02	600
71.03	520
71.04	610
71.05	500
71.06	590
71.07	520
71.08	620
71.09	570
71.1	500
71.11	590
71.12	530
71.13	660
71.14	350
71.15	390
71.16	560
71.17	470
71.18	650
71.19	580
71.2	500
71.21	420
71.22	410
71.23	590
71.24	530
71.25	560
71.26	490
71.27	400
71.28	410
71.29	510
71.3	520
71.31	520
71.32	410
71.33	350
71.34	540
71.35	440
71.36	470
71.37	450
71.38	380
71.39	490
71.4	580
71.41	550
71.42	600
71.43	560
71.44	520
71.45	610
71.46	510
71.47	390
71.48	490
71.49	470
71.5	480
71.51	590
71.52	440
71.53	550
71.54	500
71.55	390
71.56	490
71.57	450
71.58	490
71.59	460
71.6	420
71.61	490
71.62	490
71.63	420
71.64	400
71.65	460
71.66	460
71.67	400
71.68	510
71.69	500
71.7	360
71.71	490
71.72	480
71.73	420
71.74	520
71.75	530
71.76	510
71.77	470
71.78	460
71.79	490
71.8	560
71.81	330
71.82	610
71.83	420
71.84	440
71.85	530
71.86	470
71.87	470
71.88	470
71.89	590
71.9	510
71.91	530
71.92	580
71.93	410
71.94	550
71.95	450
71.96	390
71.97	420
71.98	310
71.99	420
72	480
72.01	510
72.02	590
72.03	580
72.04	470
72.05	520
72.06	460
72.07	480
72.08	520
72.09	540
72.1	580
72.11	480
72.12	440
72.13	520
72.14	360
72.15	510
72.16	570
72.17	450
72.18	480
72.19	600
72.2	510
72.21	380
72.22	460
72.23	530
72.24	460
72.25	370
72.26	500
72.27	420
72.28	550
72.29	410
72.3	530
72.31	580
72.32	380
72.33	410
72.34	490
72.35	530
72.36	440
72.37	370
72.38	510
72.39	500
72.4	450
72.41	500
72.42	400
72.43	460
72.44	520
72.45	350
72.46	500
72.47	490
72.48	410
72.49	520
72.5	450
72.51	470
72.52	490
72.53	400
72.54	440
72.55	460
72.56	570
72.57	450
72.58	360
72.59	380
72.6	490
72.61	530
72.62	510
72.63	580
72.64	580
72.65	400
72.66	550
72.67	410
72.68	450
72.69	460
72.7	500
72.71	410
72.72	440
72.73	550
72.74	590
72.75	600
72.76	600
72.77	420
72.78	480
72.79	500
72.8	470
72.81	610
72.82	490
72.83	550
72.84	490
72.85	450
72.86	490
72.87	610
72.88	600
72.89	550
72.9	490
72.91	600
72.92	500
72.93	490
72.94	560
72.95	460
72.96	450
72.97	590
72.98	530
72.99	460
73	390
73.01	340
73.02	450
73.03	510
73.04	600
73.05	440
73.06	530
73.07	560
73.08	570
73.09	480
73.1	510
73.11	400
73.12	470
73.13	410
73.14	480
73.15	550
73.16	570
73.17	610
73.18	500
73.19	640
73.2	570
73.21	510
73.22	550
73.23	400
73.24	560
73.25	450
73.26	500
73.27	390
73.28	440
73.29	490
73.3	660
73.31	560
73.32	540
73.33	530
73.34	460
73.35	540
73.36	520
73.37	440
73.38	530
73.39	630
73.4	520
73.41	410
73.42	570
73.43	570
73.44	610
73.45	400
73.46	530
73.47	490
73.48	580
73.49	520
73.5	570
73.51	570
73.52	580
73.53	590
73.54	510
73.55	550
73.56	540
73.57	590
73.58	560
73.59	520
73.6	560
73.61	500
73.62	670
73.63	670
73.64	590
73.65	590
73.66	640
73.67	530
73.68	580
73.69	550
73.7	510
73.71	730
73.72	700
73.73	700
73.74	640
73.75	530
73.76	530
73.77	660
73.78	490
73.79	540
73.8	540
73.81	660
73.82	580
73.83	460
73.84	550
73.85	710
73.86	710
73.87	660
73.88	540
73.89	540
73.9	570
73.91	780
73.92	710
73.93	730
73.94	740
73.95	580
73.96	680
73.97	760
73.98	840
73.99	620
74	580
74.01	650
74.02	700
74.03	850
74.04	700
74.05	800
74.06	740
74.07	700
74.08	740
74.09	830
74.1	840
74.11	750
74.12	770
74.13	720
74.14	670
74.15	750
74.16	730
74.17	920
74.18	820
74.19	670
74.2	780
74.21	780
74.22	770
74.23	850
74.24	840
74.25	830
74.26	880
74.27	780
74.28	1010
74.29	930
74.3	940
74.31	970
74.32	900
74.33	780
74.34	930
74.35	890
74.36	1120
74.37	1060
74.38	950
74.39	980
74.4	950
74.41	1050
74.42	1030
74.43	1140
74.44	1320
74.45	1140
74.46	1230
74.47	1100
74.48	1170
74.49	1160
74.5	1340
74.51	1310
74.52	1190
74.53	1200
74.54	1320
74.55	1280
74.56	1490
74.57	1330
74.58	1440
74.59	1410
74.6	1480
74.61	1480
74.62	1480
74.63	1540
74.64	1530
74.65	1420
74.66	1280
74.67	1400
74.68	1450
74.69	1540
74.7	1510
74.71	1270
74.72	1510
74.73	1460
74.74	1770
74.75	1540
74.76	1540
74.77	1380
74.78	1520
74.79	1500
74.8	1580
74.81	1870
74.82	1590
74.83	1620
74.84	1570
74.85	1670
74.86	1710
74.87	1760
74.88	1490
74.89	1590
74.9	1690
74.91	1780
74.92	1770
74.93	1840
74.94	1770
74.95	1870
74.96	1820
74.97	1840
74.98	1660
74.99	1790
75	1820
75.01	1960
75.02	1940
75.03	1690
75.04	1440
75.05	1650
75.06	1760
75.07	1840
75.08	1850
75.09	1890
75.1	1600
75.11	1660
75.12	1640
75.13	1710
75.14	1690
75.15	1640
75.16	1750
75.17	1700
75.18	1770
75.19	1860
75.2	1570
75.21	1630
75.22	1660
75.23	1670
75.24	1770
75.25	1820
75.26	1840
75.27	1670
75.28	1830
75.29	1690
75.3	1680
75.31	1650
75.32	1850
75.33	1630
75.34	1600
75.35	1770
75.36	1860
75.37	1760
75.38	1460
75.39	1650
75.4	1900
75.41	1730
75.42	1590
75.43	1620
75.44	1630
75.45	1470
75.46	1520
75.47	1420
75.48	1580
75.49	1540
75.5	1440
75.51	1340
75.52	1670
75.53	1340
75.54	1690
75.55	1440
75.56	1590
75.57	1490
75.58	1310
75.59	1490
75.6	1700
75.61	1470
75.62	1610
75.63	1460
75.64	1270
75.65	1300
75.66	1350
75.67	1430
75.68	1310
75.69	1240
75.7	1460
75.71	1420
75.72	1170
75.73	1330
75.74	1250
75.75	1260
75.76	1300
75.77	1320
75.78	1410
75.79	1360
75.8	1470
75.81	1510
75.82	1440
75.83	1560
75.84	1280
75.85	1250
75.86	1370
75.87	1550
75.88	1410
75.89	1490
75.9	1570
75.91	1550
75.92	1420
75.93	1580
75.94	1440
75.95	1760
75.96	1550
75.97	1680
75.98	1690
75.99	1730
76	1640
76.01	1870
76.02	1630
76.03	1830
76.04	1590
76.05	1400
76.06	1640
76.07	1260
76.08	1530
76.09	1380
76.1	1270
76.11	1580
76.12	1400
76.13	1210
76.14	1260
76.15	1220
76.16	1270
76.17	1310
76.18	1390
76.19	1170
76.2	1420
76.21	1260
76.22	1040
76.23	1210
76.24	1210
76.25	1240
76.26	1100
76.27	1110
76.28	930
76.29	1020
76.3	1000
76.31	1060
76.32	900
76.33	930
76.34	960
76.35	950
76.36	710
76.37	880
76.38	800
76.39	830
76.4	920
76.41	880
76.42	880
76.43	840
76.44	640
76.45	760
76.46	600
76.47	680
76.48	640
76.49	630
76.5	690
76.51	620
76.52	590
76.53	550
76.54	570
76.55	480
76.56	520
76.57	530
76.58	600
76.59	620
76.6	670
76.61	600
76.62	560
76.63	560
76.64	590
76.65	560
76.66	420
76.67	600
76.68	510
76.69	590
76.7	500
76.71	640
76.72	610
76.73	450
76.74	460
76.75	520
76.76	450
76.77	570
76.78	420
76.79	500
76.8	500
76.81	450
76.82	520
76.83	440
76.84	610
76.85	530
76.86	490
76.87	510
76.88	640
76.89	600
76.9	440
76.91	500
76.92	450
76.93	410
76.94	480
76.95	490
76.96	480
76.97	420
76.98	400
76.99	530
77	410
77.01	410
77.02	420
77.03	410
77.04	450
77.05	390
77.06	520
77.07	500
77.08	410
77.09	520
77.1	560
77.11	500
77.12	480
77.13	450
77.14	530
77.15	520
77.16	460
77.17	510
77.18	560
77.19	480
77.2	440
77.21	460
77.22	470
77.23	550
77.24	470
77.25	370
77.26	480
77.27	360
77.28	480
77.29	450
77.3	470
77.31	410
77.32	480
77.33	390
77.34	480
77.35	380
77.36	500
77.37	440
77.38	440
77.39	380
77.4	480
77.41	530
77.42	530
77.43	440
77.44	410
77.45	390
77.46	400
77.47	480
77.48	450
77.49	420
77.5	570
77.51	540
77.52	490
77.53	460
77.54	390
77.55	490
77.56	370
77.57	340
77.58	460
77.59	450
77.6	520
77.61	470
77.62	480
77.63	450
77.64	500
77.65	500
77.66	380
77.67	390
77.68	560
77.69	450
77.7	380
77.71	420
77.72	370
77.73	410
77.74	410
77.75	410
77.76	550
77.77	520
77.78	470
77.79	340
77.8	460
77.81	470
77.82	410
77.83	500
77.84	510
77.85	540
77.86	490
77.87	470
77.88	400
77.89	450
77.9	350
77.91	390
77.92	400
77.93	460
77.94	350
77.95	420
77.96	440
77.97	460
77.98	370
77.99	450
78	340
78.01	410
78.02	510
78.03	550
78.04	370
78.05	360
78.06	360
78.07	360
78.08	460
78.09	260
78.1	370
78.11	520
78.12	470
78.13	410
78.14	260
78.15	350
78.16	550
78.17	350
78.18	450
78.19	350
78.2	390
78.21	410
78.22	480
78.23	400
78.24	370
78.25	340
78.26	400
78.27	450
78.28	450
78.29	490
78.3	390
78.31	550
78.32	360
78.33	440
78.34	420
78.35	310
78.36	510
78.37	550
78.38	360
78.39	370
78.4	300
78.41	380
78.42	400
78.43	390
78.44	400
78.45	380
78.46	340
78.47	400
78.48	480
78.49	390
78.5	400
78.51	340
78.52	440
78.53	440
78.54	480
78.55	330
78.56	350
78.57	390
78.58	530
78.59	550
78.6	440
78.61	410
78.62	450
78.63	360
78.64	320
78.65	380
78.66	330
78.67	330
78.68	360
78.69	420
78.7	460
78.71	400
78.72	460
78.73	340
78.74	400
78.75	350
78.76	450
78.77	410
78.78	400
78.79	410
78.8	410
78.81	350
78.82	340
78.83	340
78.84	350
78.85	370
78.86	420
78.87	450
78.88	400
78.89	370
78.9	410
78.91	380
78.92	370
78.93	250
78.94	320
78.95	380
78.96	410
78.97	450
78.98	450
78.99	360
79	450
79.01	400
79.02	480
79.03	320
79.04	400
79.05	370
79.06	400
79.07	400
79.08	460
79.09	410
79.1	370
79.11	310
79.12	420
79.13	360
79.14	330
79.15	360
79.16	350
79.17	420
79.18	380
79.19	410
79.2	460
79.21	460
79.22	400
79.23	390
79.24	340
79.25	390
79.26	410
79.27	350
79.28	520
79.29	390
79.3	310
79.31	420
79.32	510
79.33	470
79.34	450
79.35	410
79.36	370
79.37	400
79.38	420
79.39	360
79.4	480
79.41	330
79.42	370
79.43	410
79.44	440
79.45	450
79.46	410
79.47	310
79.48	410
79.49	520
79.5	480
79.51	480
79.52	380
79.53	400
79.54	460
79.55	420
79.56	450
79.57	530
79.58	450
79.59	450
79.6	480
79.61	520
79.62	350
79.63	280
79.64	460
79.65	420
79.66	400
79.67	530
79.68	290
79.69	410
79.7	470
79.71	380
79.72	500
79.73	380
79.74	400
79.75	310
79.76	440
79.77	560
79.78	500
79.79	480
79.8	340
79.81	470
79.82	450
79.83	370
79.84	460
79.85	460
79.86	420
79.87	330
79.88	410
79.89	390
79.9	420
79.91	540
79.92	400
79.93	450
79.94	470
79.95	510
79.96	450
79.97	470
79.98	360
79.99	390
80	370
	
